VERSION
54
10
1
2
11
9
0.111383
0.108365
0.069751
1.000000 0.000000 0.000000 0.000000
0.000000 1.000000 0.000000 0.000000
0.000000 0.000000 1.000000 0.000000
0.000000 0.092885 0.000000 1.000000
12
0.193379
13
6
0.046485
0.061717
1.000000 0.000000 0.000000 0.000000
-0.000000 1.000000 0.000000 0.000000
0.000000 0.000000 1.000000 0.000000
0.022296 -0.002650 0.000000 1.000000
14
15
0.072375
0.072375
0.072375
0.072375
0.072375
-1.000000 -0.000000 -0.000000 0.000000
0.000000 -1.000000 -0.000000 0.000000
-0.000000 -0.000000 1.000000 0.000000
-0.064351 0.067149 -0.000000 1.000000
15
0
0.091699
0.434709
0.457462
0.164578
0.036145
0.044249
0.092787
0.009108
0.173055
1
1
-0.549729 0.835343 0.000000 0.000000
-0.835343 -0.549729 0.000000 0.000000
0.000000 0.000000 1.000000 0.000000
0.092787 0.173055 -0.006760 1.000000
0.026587
0
0.091699
0.434709
0.457462
0.164578
0.036145
0.044249
0.092787
0.009108
0.173055
1
1
-0.549729 0.835343 -0.000000 0.000000
-0.835343 -0.549729 -0.000000 0.000000
0.000000 -0.000000 -1.000000 0.000000
0.092787 0.173055 0.007538 1.000000
0.026587
16
0
0.246866
0.194366
0.072289
0.036145
0.079739
0.000000
0.000000
-0.011466 0.001363 0.032705 1.000000
0.049767
0.090683
0.000000
0.077249
5
3
0.910327 -0.243279 -0.334844 0.000000
0.000000 0.809017 -0.587785 0.000000
0.413890 0.535077 0.736470 0.000000
0.058519 -0.026963 -0.022607 1.000000
0.025715
0.025715
0.019556
3
0.999130 -0.041707 0.000000 0.000000
0.000000 -0.000000 -1.000000 0.000000
0.041707 0.999130 -0.000000 0.000000
0.088195 -0.020657 -0.004516 1.000000
0.030858
0.033301
0.025647
3
0.977814 -0.000000 -0.209477 0.000000
-0.209477 -0.000000 -0.977814 0.000000
0.000000 1.000000 -0.000000 0.000000
0.098342 -0.005756 0.006315 1.000000
0.035216
0.028733
0.033316
3
0.952998 0.149063 -0.263773 0.000000
-0.255430 -0.072937 -0.964073 0.000000
-0.162946 0.986134 -0.031434 0.000000
0.101014 0.008255 0.002261 1.000000
0.030858
0.025459
0.022237
3
0.956028 0.201689 -0.212913 0.000000
-0.218794 0.007066 -0.975745 0.000000
-0.195292 0.979424 0.050884 0.000000
0.092531 0.019915 -0.002081 1.000000
0.018294
0.015058
0.024829
0
0.246866
0.194366
0.072289
0.036145
0.079739
0.000000
0.000000
0.011466 -0.001363 0.032705 1.000000
0.049767
0.090683
0.000000
0.077249
5
3
0.910327 -0.243279 -0.334844 0.000000
0.000000 0.809017 -0.587785 0.000000
0.413890 0.535077 0.736470 0.000000
0.058519 -0.026963 -0.022607 1.000000
0.025715
0.025715
0.019556
3
0.999130 -0.041707 0.000000 0.000000
0.000000 -0.000000 -1.000000 0.000000
0.041707 0.999130 -0.000000 0.000000
0.092143 -0.019701 0.001283 1.000000
0.030858
0.033301
0.025647
3
0.977814 -0.000000 -0.209477 0.000000
-0.209477 -0.000000 -0.977814 0.000000
0.000000 1.000000 -0.000000 0.000000
0.098342 -0.005756 0.006315 1.000000
0.035216
0.028733
0.033316
3
0.952998 0.149063 -0.263773 0.000000
-0.255430 -0.072937 -0.964073 0.000000
-0.162946 0.986134 -0.031434 0.000000
0.101014 0.008255 0.002261 1.000000
0.030858
0.025459
0.022237
3
0.956028 0.201689 -0.212913 0.000000
-0.218794 0.007066 -0.975745 0.000000
-0.195292 0.979424 0.050884 0.000000
0.092531 0.019915 -0.002081 1.000000
0.018294
0.015058
0.024829
19
0
20
0
30
0
21
0
22
1
0.186941
0.048345
0.048345
23
0
25
0
0
0
0
0
0
0
0
0
0
0
0.500000
0.500000
0.500000
0.500000
0.500000
0.500000
0.500000
0.500000
0.500000
0.500000
26
0
0
0
0
0
0
5
3
0
18
0.000000
31
1
0
32
0
33
0
0
17
501
0.105950
0.105950
0.106975
0.106975
503
0.098092
0.126117
0.115756
0.151708
0.069751
0.161967
504
0.072375
0.072375
0.072375
0.072375
0.072375
0.072375
0.072375
0.072375
0.072375
0.072375
511
0.186941
0.048345
0.048345
506
0.183718
0.246866
0.246866
0.246866
0.025715
0.025715
0.025715
0.025715
0.025715
0.025715
0.030858
0.030858
0.029709
0.029709
0.025647
0.025647
0.026324
0.026324
0.026139
0.026139
0.022080
0.022080
0.030858
0.030858
0.020663
0.020663
0.018833
0.018833
0.025715
0.025715
0.022842
0.022842
0.016999
0.016999
0.079739
0.231748
0.205722
0.183718
0.246866
0.246866
0.246866
0.025715
0.025715
0.025715
0.025715
0.025715
0.025715
0.030858
0.030858
0.029709
0.029709
0.025647
0.025647
0.026324
0.026324
0.026139
0.026139
0.022080
0.022080
0.030858
0.030858
0.020663
0.020663
0.018833
0.018833
0.025715
0.025715
0.022842
0.022842
0.016999
0.016999
0.079739
0.231748
0.205722
505
0.411444
0.411444
0.411444
0.411444
0.026663
0.026663
40.000000
40.000000
40.000000
0.411444
0.411444
0.411444
0.411444
0.026663
0.026663
40.000000
40.000000
40.000000
500
0.193379
0.112979
0.178978
0.193379
0.201924
0.175191
0.091699
507
100
0.000000
0.000000
0.000000
1.000000
0.000000
0.000000
0.000000
6
0.000000
0.000000
0.000000
0.000000
0.000000
0.000000
0.000000 0.000000 0.000000 0.000000
0.000000
0.000000 0.000000 0.000000 1.000000
101
6
0.000000
-0.000000
-0.000000
0.000000
0.000000
0.000000
0.000000 0.000000 0.000000 0.000000
0.000001 0.000000 1.000000 0.000000
-0.000000 1.000000 0.000000 0.000000
-1.000000 -0.000000 0.000001 0.000000
0.000000 1.074226 0.000000 1.000000
108
0.000000 0.000000 0.000000 0.000000
0.000000 1.074226 0.000000 1.000000
-0.000000
0.707106
-0.000000
0.707107
102
-0.000000
-0.000000
0.000000
1.000000
0.000000
0.000000
0.000000
103
9
0.039433
-0.000000
-0.000000
0.039433
-0.000000
-0.000000
0.039433
-0.000000
-0.000000
0.000000 0.000000 0.000000 0.000000
104
15
-0.314294
0.000101
0.000473
0.267301
0.000100
0.000415
0.011306
0.000096
0.000440
-0.042500
0.000000
0.000000
0.043485
-0.000000
-0.000000
0.000000 0.000000 0.000000 0.000000
112
3
1
0.000000
0.000000
0.707106
0.707107
0.000000
0.000000
0.000000
1.000000
-0.245630
0.625999
-0.173880
0.719414
-0.719414
-0.173880
0.625999
0.245630
0.523394 0.026940 0.930048 1.000000
-0.026939 0.523394 -0.144178 1.000000
-0.360218 0.820492 0.104618 1.000000
0.223588 -0.036684 0.037454 1.000000
0.000000 0.886967 -0.164917 1.000000
0.000000 0.159821 -0.164917 1.000000
0.000000 0.000000 0.000000 1.000000
105
3.116786
0.300000
0.043828
0.011412
-0.016000
0.998846
0.000000
0.000000
0.000000
-0.120000
0.000000
0
0.000000
0.000000
0.890990 0.040703 0.018087 1.000000
-0.076029 0.183236 -0.040703 1.000000
-0.024200 0.087189 0.995898 1.000000
3
0
-0.000000
-0.000000
0.879490
0.475916
0.000000
0.000000
0.000000
0.000000
0.000000
0.000000
1.000000
-0.621893
0.336523
0.621894
0.336524
0.000000
0.000000
0.000000
1
0.000000
0.000000
0.000000
1.000000
0.000000
0.000000
0.000000
1.000000
1
0.000000
0.000000
1
0.000000
0.000000
0.000000
1.000000
0.000000
0.000000
0.000000
1.000000
1
0.000000
0.000000
1
0.000000
0.000000
0.000000
1.000000
0.000000
0.000000
0.000000
1.000000
1
0.000000
0.000000
1
0.000000
0.000000
0.000000
1.000000
0.000000
0.000000
0.000000
1.000000
1
0.000000
0.000000
1
0.000000
0.000000
0.000000
1.000000
0.000000
0.000000
0.000000
1.000000
1
0.000000
0.000000
0
0
5
0
0
-0.067001 0.019705 0.041199 1.000000
0.000000 0.000000 0.000000 1.000000
0.000000
3.118894
0.300000
0.043835
0.011394
-0.016679
0.998835
0.000000
0.000000
0.000000
-0.120000
0.000000
0
0.000000
0.000000
0.890990 0.040952 0.018087 1.000000
0.076029 0.183236 -0.040952 1.000000
-0.024224 0.087188 0.995897 1.000000
3
0
0.000000
0.000000
0.879490
0.475916
0.000000
0.000000
0.000000
0.000000
0.000000
0.000000
1.000000
-0.621893
0.336523
0.621894
0.336524
0.000000
0.000000
0.000000
1
0.000000
0.000000
0.000000
1.000000
0.000000
0.000000
0.000000
1.000000
1
0.000000
0.000000
1
0.000000
0.000000
0.000000
1.000000
0.000000
0.000000
0.000000
1.000000
1
0.000000
0.000000
1
0.000000
0.000000
0.000000
1.000000
0.000000
0.000000
0.000000
1.000000
1
0.000000
0.000000
1
0.000000
0.000000
0.000000
1.000000
0.000000
0.000000
0.000000
1.000000
1
0.000000
0.000000
1
0.000000
0.000000
0.000000
1.000000
0.000000
0.000000
0.000000
1.000000
1
0.000000
0.000000
0
0
5
0
0
0.076029 0.010900 0.058046 1.000000
0.000000 0.000000 0.000000 1.000000
0.000000
106
2.967068
0.300000
0.017433
0.300351
0.038849
0.952878
0.000000
0.000000
0.000000
0.000000
0.000000
0
0.000000
0.000000
0.360734 0.005768 0.251129 1.000000
-0.363574 1.110314 -0.026939 1.000000
-0.571041 0.056560 0.818971 1.000000
0
0
0.000000
0.000000
0.022926
0.999737
0.000000
0.000000
0.000000
0.000000
0.000000
0.000000
1.000000
-0.253554
-0.158715
0.653894
0.260063
0.000000
0.000000
0.000000
4
0.000000
0.000000
-0.000000
1.000000
0.000000
0.000000
0.000000
1.000000
0.000071
0.036135
-0.027757
0.998961
0.000000
0.000000
0.000000
1.000000
-0.004744
0.040474
-0.116306
0.992377
0.000000
0.000000
0.000000
1.000000
0.000000
0.000000
0.000000
1.000000
0.000000
0.000000
0.000000
1.000000
0
0.000000
0.000000
0.000000
0.000000
0.000000
0.233333
0.000000
0.000000
0.233333
0.000000
0.000000
0.000000
4
0.000000
0.000000
-0.000000
1.000000
0.000000
0.000000
0.000000
1.000000
-0.007978
0.048513
-0.162079
0.985552
0.000000
0.000000
0.000000
1.000000
-0.000927
0.033183
-0.027903
0.999059
0.000000
0.000000
0.000000
1.000000
0.000000
0.000000
0.000000
1.000000
0.000000
0.000000
0.000000
1.000000
0
0.000000
0.000000
0.000000
0.000000
0.000000
0.233333
0.000000
0.000000
0.233333
0.000000
0.000000
0.000000
4
0.000000
0.000000
-0.000000
1.000000
0.000000
0.000000
0.000000
1.000000
-0.011694
0.059843
-0.175989
0.982502
0.000000
0.000000
0.000000
1.000000
0.000000
0.000000
-0.023361
0.999727
0.000000
0.000000
0.000000
1.000000
0.000000
0.000000
0.000000
1.000000
0.000000
0.000000
0.000000
1.000000
0
0.000000
0.000000
0.000000
0.000000
0.000000
0.233333
0.000000
0.000000
0.233333
0.000000
0.000000
0.000000
4
-0.000000
0.000000
-0.000000
1.000000
0.000000
0.000000
0.000000
1.000000
-0.001836
-0.005125
-0.189959
0.981777
0.000000
0.000000
0.000000
1.000000
0.008504
0.005321
-0.075687
0.997081
0.000000
0.000000
0.000000
1.000000
0.000000
0.000000
0.000000
1.000000
0.000000
0.000000
0.000000
1.000000
0
0.000000
-0.000000
0.000000
0.000000
0.000000
0.233333
0.000000
0.000000
0.233333
0.000000
0.000000
0.000000
4
-0.000000
0.000000
-0.000000
1.000000
0.000000
0.000000
0.000000
1.000000
0.004433
-0.024719
-0.176450
0.983989
0.000000
0.000000
0.000000
1.000000
0.011061
-0.029233
-0.124403
0.991739
0.000000
0.000000
0.000000
1.000000
0.000000
0.000000
0.000000
1.000000
0.000000
0.000000
0.000000
1.000000
0
0.000000
-0.000000
0.000000
0.000000
0.000000
0.233333
0.000000
0.000000
0.233333
0.000000
0.000000
0.000000
0
0
5
0
0
0.000000 0.000000 0.000000 1.000000
0.000000 0.000000 0.000000 1.000000
0.000000
2.967068
0.300000
0.017433
0.300351
0.038849
0.952878
0.000000
0.000000
0.000000
0.000000
0.000000
0
0.000000
0.000000
0.360734 0.005768 0.251129 1.000000
0.363573 1.110314 -0.026940 1.000000
-0.571041 0.056560 0.818971 1.000000
0
0
0.000000
0.000000
0.022926
0.999737
0.000000
0.000000
0.000000
0.000000
0.000000
0.000000
1.000000
-0.253554
-0.158715
0.653894
0.260063
0.000000
0.000000
0.000000
4
0.000000
0.000000
-0.000000
1.000000
0.000000
0.000000
0.000000
1.000000
0.000071
0.036135
-0.027757
0.998961
0.000000
0.000000
0.000000
1.000000
-0.004744
0.040474
-0.116306
0.992377
0.000000
0.000000
0.000000
1.000000
0.000000
0.000000
0.000000
1.000000
0.000000
0.000000
0.000000
1.000000
0
0.000000
0.000000
0.000000
0.000000
0.000000
0.233333
0.000000
0.000000
0.233333
0.000000
0.000000
0.000000
4
0.000000
0.000000
-0.000000
1.000000
0.000000
0.000000
0.000000
1.000000
-0.007978
0.048513
-0.162079
0.985552
0.000000
0.000000
0.000000
1.000000
-0.000927
0.033183
-0.027903
0.999059
0.000000
0.000000
0.000000
1.000000
0.000000
0.000000
0.000000
1.000000
0.000000
0.000000
0.000000
1.000000
0
0.000000
0.000000
0.000000
0.000000
0.000000
0.233333
0.000000
0.000000
0.233333
0.000000
0.000000
0.000000
4
0.000000
0.000000
-0.000000
1.000000
0.000000
0.000000
0.000000
1.000000
-0.011694
0.059843
-0.175989
0.982502
0.000000
0.000000
0.000000
1.000000
0.000000
0.000000
-0.023361
0.999727
0.000000
0.000000
0.000000
1.000000
0.000000
0.000000
0.000000
1.000000
0.000000
0.000000
0.000000
1.000000
0
0.000000
0.000000
0.000000
0.000000
0.000000
0.233333
0.000000
0.000000
0.233333
0.000000
0.000000
0.000000
4
-0.000000
0.000000
-0.000000
1.000000
0.000000
0.000000
0.000000
1.000000
-0.001836
-0.005125
-0.189959
0.981777
0.000000
0.000000
0.000000
1.000000
0.008504
0.005321
-0.075687
0.997081
0.000000
0.000000
0.000000
1.000000
0.000000
0.000000
0.000000
1.000000
0.000000
0.000000
0.000000
1.000000
0
0.000000
-0.000000
0.000000
0.000000
0.000000
0.233333
0.000000
0.000000
0.233333
0.000000
0.000000
0.000000
4
-0.000000
0.000000
-0.000000
1.000000
0.000000
0.000000
0.000000
1.000000
0.004433
-0.024719
-0.176450
0.983989
0.000000
0.000000
0.000000
1.000000
0.011061
-0.029233
-0.124403
0.991739
0.000000
0.000000
0.000000
1.000000
0.000000
0.000000
0.000000
1.000000
0.000000
0.000000
0.000000
1.000000
0
0.000000
-0.000000
0.000000
0.000000
0.000000
0.233333
0.000000
0.000000
0.233333
0.000000
0.000000
0.000000
0
0
5
0
0
0.407119 1.031480 -0.013299 1.000000
0.000000 0.000000 0.000000 1.000000
0.000000
107
27
0.500000
0.500000
0.500000
0.500000
0.500000
0.500000
28
6
0
-0.004342
-0.009040
-0.014528
-0.999844
pose1
-0.028972 -0.018203 -0.999414
-0.999540 -0.008421 0.029129
0.000000
0.500000
0.306306
0.285922
-0.628247
0.655539
pose2
0.998840 0.010006 -0.047110
-0.022966 -0.760849 -0.648522
0.000000
0.500000
-0.604889
0.099517
0.672610
-0.414490
pose3
0.437187 0.896206 -0.075384
0.636588 -0.367568 -0.677974
0.000000
0.500000
-0.202303
-0.721503
-0.037610
-0.661130
pose4
0.242194 -0.969231 0.043962
-0.915318 -0.213225 0.341656
0.000000
0.500000
-0.105683
0.335716
0.702526
0.618533
pose5
-0.940030 -0.266812 0.212496
0.009423 0.602436 0.798112
0.000000
0.500000
0.017896
0.466863
-0.884082
0.010833
pose6
0.035866 0.021528 0.999125
0.563844 -0.825878 -0.002445
0.000000
0.500000
29
6
0
0.000000
0.000000
-0.020622
0.999787
pose1
-0.041236 0.000000 -0.999149
0.999149 0.000000 -0.041236
0.000000
0.500000
0.036782
0.019800
0.678470
0.733439
pose2
0.993777 0.078954 -0.078572
0.076650 0.027087 0.996690
0.000000
0.500000
0.183027
0.681963
-0.186833
-0.683024
pose3
0.005588 -0.999984 -0.000040
0.863189 0.004803 0.504858
0.000000
0.500000
0.000000
0.000000
-0.697373
0.716708
pose4
-0.999626 0.000000 -0.027341
0.027341 0.000000 -0.999626
0.000000
0.500000
0.000156
0.008472
0.999794
-0.018419
pose5
-0.036833 0.000000 0.999321
-0.999178 -0.016947 -0.036828
0.000000
0.500000
0.351327
0.624934
0.376430
0.586794
pose6
0.002661 0.997915 0.064484
0.469740 -0.058174 0.880886
0.000000
0.500000
